#         t          x          y          z         vx         vy         vz
      0.000    -98.560   -119.990   -127.760    -28.430    173.920     93.230
      0.100   -101.085   -101.778   -117.753    -20.950    182.229    102.463
      0.200   -102.743    -82.703   -106.738    -11.474    190.805    112.944
      0.300   -103.295    -62.750    -94.576      0.689    199.392    124.888
      0.400   -102.416    -41.946    -81.110     16.499    207.438    138.470
      0.500    -99.669    -20.405    -66.170     37.213    213.829    153.681
      0.600    -94.482      1.598    -49.621     64.219    216.445    169.954
      0.700    -86.179     23.493    -31.448     98.166    211.731    185.431
      0.800    -74.165     44.312    -11.932    136.778    195.403    196.219
      0.900    -58.333     62.806      8.206    172.825    166.260    197.596
      1.000    -39.386     77.977     27.925    197.702    130.420    188.030
      1.100    -18.559     89.558     46.362    209.585     96.064    172.523
      1.200      2.998     97.913     63.138    211.971     67.323    155.548
      1.300     24.517    103.636     78.225    208.869     44.603    139.484
      1.400     45.578    107.293     91.756    202.986     26.900    125.129
      1.500     65.973    109.336    103.910    195.853     13.049    112.553
      1.600     85.616    110.110    114.860    188.281      2.087    101.576
      1.700    104.483    109.874    124.756    180.684     -6.704     91.964
      1.800    122.583    108.823    133.728    173.268    -13.846     83.492
      1.900    139.938    107.106    141.883    166.128    -19.720     75.971
      2.000    156.579    104.840    149.308    159.300    -24.600     69.246
      2.100    172.538    102.115    156.081    152.790    -28.694     63.188
      2.200    187.847     99.003    162.262    146.589    -32.154     57.697
      2.300    202.536     95.564    167.907    140.681    -35.099     52.687
      2.400    216.636     91.846    173.060    135.045    -37.619     48.092
      2.500    230.172     87.888    177.762    129.662    -39.784     43.856
      2.600    243.169     83.723    182.046    124.511    -41.652     39.931
      2.700    255.650     79.381    185.943    119.572    -43.267     36.280
      2.800    267.637     74.885    189.480    114.830    -44.665     32.871
      2.900    279.147     70.255    192.678    110.266    -45.876     29.675
      3.000    290.199     65.509    195.559    105.868    -46.925     26.670
      3.100    300.809     60.664    198.142    101.620    -47.832     23.835
      3.200    310.992     55.732    200.442     97.512    -48.613     21.153
      3.300    320.761     50.726    202.475     93.531    -49.284     18.609
      3.400    330.129     45.656    204.255     89.669    -49.856     16.191
      3.500    339.108     40.533    205.793     85.915    -50.339     13.887
      3.600    347.707     35.364    207.101     82.261    -50.743     11.686
      3.700    355.938     30.157    208.188     78.700    -51.075      9.581
      3.800    363.809     24.920    209.065     75.225    -51.341      7.563
      3.900    371.329     19.659    209.739     71.829    -51.547      5.625
      4.000    378.505     14.380    210.219     68.506    -51.698      3.761
      4.100    385.345      9.087    210.512     65.252    -51.798      1.965
      4.200    391.855      3.787    210.624     62.060    -51.850      0.232
      4.300    398.042     -1.516    210.562     58.927    -51.859     -1.441
      4.400    403.911     -6.818    210.332     55.847    -51.827     -3.060
      4.500    409.467    -12.115    209.939     52.818    -51.757     -4.628
      4.600    414.717    -17.403    209.388     49.835    -51.650     -6.149
      4.700    419.663    -22.678    208.684     46.894    -51.509     -7.625
      4.800    424.311    -27.937    207.831     43.993    -51.335     -9.059
      4.900    428.663    -33.176    206.833     41.128    -51.130    -10.454
      5.000    432.725    -38.393    205.694     38.296    -50.894    -11.813
      5.100    436.498    -43.585    204.418     35.495    -50.630    -13.137
      5.200    439.986    -48.748    203.009     32.721    -50.338    -14.428
      5.300    443.192    -53.880    201.469     29.973    -50.018    -15.689
      5.400    446.118    -58.977    199.801     27.247    -49.673    -16.921
      5.500    448.766    -64.039    198.009     24.542    -49.301    -18.126
      5.600    451.139    -69.060    196.095     21.855    -48.903    -19.305
      5.700    453.238    -74.040    194.062     19.184    -48.481    -20.459
      5.800    455.064    -78.975    191.911     16.527    -48.033    -21.590
      5.900    456.619    -83.864    189.647     13.882    -47.561    -22.699
      6.000    457.904    -88.702    187.269     11.247    -47.063    -23.787
      6.100    458.920    -93.489    184.782      8.620    -46.541    -24.856
      6.200    459.667    -98.221    182.186      5.998    -45.994    -25.905
      6.300    460.147   -102.895    179.484      3.381    -45.422    -26.936
      6.400    460.359   -107.510    176.678      0.765    -44.824    -27.950
      6.500    460.303   -112.062    173.768     -1.850    -44.200    -28.948
      6.600    459.980   -116.550    170.757     -4.466    -43.550    -29.929
      6.700    459.390   -120.969    167.647     -7.087    -42.873    -30.896
      6.800    458.531   -125.318    164.439     -9.713    -42.169    -31.848
      6.900    457.403   -129.593    161.134    -12.346    -41.436    -32.786
      7.000    456.005   -133.791    157.733    -14.989    -40.674    -33.711
      7.100    454.336   -137.911    154.239    -17.643    -39.882    -34.622
      7.200    452.395   -141.947    150.652    -20.311    -39.058    -35.521
      7.300    450.181   -145.898    146.974    -22.994    -38.203    -36.408
      7.400    447.691   -149.760    143.206    -25.695    -37.313    -37.283
      7.500    444.924   -153.529    139.348    -28.416    -36.389    -38.147
      7.600    441.878   -157.201    135.404    -31.159    -35.428    -38.999
      7.700    438.550   -160.773    131.372    -33.926    -34.428    -39.840
      7.800    434.937   -164.241    127.255    -36.721    -33.388    -40.670
      7.900    431.037   -167.600    123.054    -39.546    -32.306    -41.489
      8.000    426.847   -170.846    118.770    -42.403    -31.178    -42.297
      8.100    422.362   -173.975    114.403    -45.296    -30.004    -43.093
      8.200    417.580   -176.981    109.956    -48.228    -28.779    -43.879
      8.300    412.495   -179.859    105.429    -51.201    -27.501    -44.653
      8.400    407.104   -182.603    100.823    -54.220    -26.166    -45.415
      8.500    401.402   -185.208     96.140    -57.288    -24.770    -46.165
      8.600    395.384   -187.666     91.381    -60.408    -23.310    -46.903
      8.700    389.043   -189.972     86.547    -63.587    -21.780    -47.627
      8.800    382.375   -192.117     81.640    -66.827    -20.175    -48.336
      8.900    375.371   -194.094     76.661    -70.133    -18.489    -49.030
      9.000    368.026   -195.895     71.612    -73.512    -16.717    -49.708
      9.100    360.331   -197.509     66.495    -76.969    -14.850    -50.367
      9.200    352.278   -198.927     61.311    -80.510    -12.880    -51.005
      9.300    343.858   -200.138     56.063    -84.142    -10.798    -51.622
      9.400    335.062   -201.129     50.753    -87.873     -8.593    -52.213
      9.500    325.879   -201.888     45.385    -91.710     -6.253    -52.775
      9.600    316.298   -202.400     39.960    -95.663     -3.764    -53.306
      9.700    306.306   -202.650     34.483    -99.742     -1.110    -53.798
      9.800    295.889   -202.618     28.958   -103.958      1.726    -54.248
      9.900    285.034   -202.286     23.390   -108.322      4.768    -54.647
     10.000    273.725   -201.631     17.784   -112.847      8.040    -54.987
     10.100    261.943   -200.628     12.146   -117.549     11.571    -55.256
